Eng


Results without constraint 1

Max accuracy reached: 0.88
Max accuracy first reached on iteration: 32 (112 samples)
Random number generator initialized with seed 290
Initial grammar weights:	0.48	0.57	0.31	0.61	0.46	0.3	0.92	0.54	0.83	0.5	0.95
Grammar for max accuracy:	-0.02	0.17	0.21	0.71	0.16	0.4	0.52	0.94	0.83	0.1	0.95
Constraints:	2	4	5	9	11	12	13	15	16	33	46

Letter	Target	Harmony	Rank	N Cands	Candidates tied with or ranked higher than the target
A	6	-2.64021454895	1	176	
B	4	-1.41093896365	1	150	
C	1	0.0	1	2	
D	2	-0.493622632247	1	12	
E	22	-2.17193878839	1	2704	
F	6	-1.38934207026	1	176	
G	1	-1.2508724787	3	14	3	2
H	6	-1.90456159589	1	192	
I	6	-1.93833213991	1	192	
J	1	-0.3335561473	1	2	
K	12	-1.58149468834	1	176	
L	1	0.0	1	14	
M	12	-3.27529787452	1	2542	
N	4	-1.72963929761	5	162	3	2	6	5
O	1	0.0	1	2	
P	2	-0.493622632247	1	14	
Q	2	-0.895719438008	1	16	
R	4	-1.41093896365	1	162	
S	1	-0.906208677753	1	14	
T	2	-1.15573542178	1	16	
U	1	0.0	1	2	
V	1	-0.720797139722	3	14	3	2
W	1	-3.50247238199	15	2542	2	13	12	15	14	17	16	3	26	27	28	29	31	30
X	2	-1.0662751627	1	16	
Y	4	-1.0662751627	1	144	
Z	1	-1.37684614198	1	162	
a	2	-0.493622632247	1	16	
b	2	-0.493622632247	1	16	
c	1	0.0	1	2	
d	2	-0.590638193411	1	16	
e	1	-1.01433189256	1	14	
f	2	-1.22927558531	1	16	
g	2	-1.22927558531	1	16	
h	2	-0.493622632247	1	16	
i	2	-0.590638193411	1	8	
j	2	-1.32629114647	1	8	
k	4	-1.58149468834	1	176	
l	1	0.0	1	2	
m	6	-1.50246479013	1	192	
n	2	-0.493622632247	1	16	
o	1	0.0	1	2	
p	2	-0.493622632247	1	16	
q	2	-0.493622632247	1	16	
r	2	-0.493622632247	1	16	
s	1	-0.906208677753	1	14	
t	2	-1.05871986062	1	16	
u	1	-0.515219525637	1	14	
v	1	-0.720797139722	3	14	3	2
w	1	-3.50247238199	15	2542	2	13	12	15	14	17	16	3	26	27	28	29	31	30
x	2	-1.0662751627	1	16	
y	2	-1.0662751627	1	16	
z	1	-1.37684614198	1	162	


Results without constraint 2

Max accuracy reached: 0.88
Max accuracy first reached on iteration: 39 (241 samples)
Random number generator initialized with seed 260
Initial grammar weights:	0.68	0.48	0.04	0.84	0.39	0.46	0.64	0.52	0.27	0.08	0.71
Grammar for max accuracy:	0.68	0.08	0.24	0.84	0.19	0.36	0.44	0.82	0.37	0.08	0.71
Constraints:	1	4	5	9	11	12	13	15	16	33	46

Letter	Target	Harmony	Rank	N Cands	Candidates tied with or ranked higher than the target
A	6	-2.31467313381	1	176	
B	4	-1.2442062295	1	150	
C	1	0.0	1	2	
D	2	-0.443535225264	1	12	
E	22	-1.95847778743	1	2704	
F	6	-1.2442062295	1	176	
G	1	-1.07046690432	2	14	3
H	6	-1.68774145476	1	192	
I	6	-1.78245395333	1	192	
J	1	-0.269795900083	1	2	
K	12	-1.32361118869	1	176	
L	1	0.0	1	14	
M	12	-2.89822726433	1	2542	
N	4	-1.56762158853	2	162	6
O	1	0.0	1	2	
P	2	-0.443535225264	1	14	
Q	2	-0.800671004233	1	16	
R	4	-1.2442062295	1	162	
S	1	-0.706336638244	1	14	
T	2	-1.0681823954	1	16	
U	1	0.0	1	2	
V	1	-0.680551138006	2	14	3
W	1	-3.13524317707	4	2542	3	29	31
X	2	-0.880075963425	1	16	
Y	4	-0.880075963425	1	144	
Z	1	-1.1508122961	1	162	
a	2	-0.443535225264	1	16	
b	2	-0.443535225264	1	16	
c	1	0.0	1	2	
d	2	-0.520655675536	1	16	
e	1	-0.877791454504	1	14	
f	2	-1.07046690432	1	16	
g	2	-1.07046690432	1	16	
h	2	-0.443535225264	1	16	
i	2	-0.520655675536	1	8	
j	2	-1.14758735459	1	8	
k	4	-1.32361118869	1	176	
l	1	0.0	1	2	
m	6	-1.33060567579	1	192	
n	2	-0.443535225264	1	16	
o	1	0.0	1	2	
p	2	-0.443535225264	1	16	
q	2	-0.443535225264	1	16	
r	2	-0.443535225264	1	16	
s	1	-0.706336638244	1	14	
t	2	-0.991061945124	1	16	
u	1	-0.443535225264	1	14	
v	1	-0.680551138006	2	14	3
w	1	-3.13524317707	4	2542	3	29	31
x	2	-0.880075963425	1	16	
y	2	-0.880075963425	1	16	
z	1	-1.1508122961	1	162	


Results without constraint 4

Max accuracy reached: 0.83
Max accuracy first reached on iteration: 20 (324 samples)
Random number generator initialized with seed 190
Initial grammar weights:	0.53	0.81	0.01	0.82	0.53	0.8	0.47	0.28	0.84	0.89	0.55
Grammar for max accuracy:	0.73	0.21	0.11	0.92	0.13	0.3	0.47	0.98	0.84	0.19	0.55
Constraints:	1	2	5	9	11	12	13	15	16	33	46

Letter	Target	Harmony	Rank	N Cands	Candidates tied with or ranked higher than the target
A	6	-2.55115333537	2	176	8
B	4	-1.44600964829	1	150	
C	1	0.0	1	2	
D	2	-0.675613320305	1	12	
E	22	-2.46380642072	12	2704	54	56	784	782	62	64	24	774	776	32	30
F	6	-1.65306733756	6	176	8	80	14	16	78
G	1	-0.89808599781	1	14	
H	6	-2.1216229686	2	192	8
I	6	-2.10267192483	4	192	8	14	16
J	1	-0.127689669826	1	2	
K	12	-1.44600964829	1	176	
L	1	0.0	1	14	
M	12	-3.12882256511	1	2542	
N	4	-1.723155672	1	162	
O	1	0.0	1	2	
P	2	-0.675613320305	1	14	
Q	2	-0.977454017253	1	16	
R	4	-1.44600964829	1	162	
S	1	-0.429530366774	1	14	
T	2	-1.29193284167	2	16	4
U	1	0.0	1	2	
V	1	-0.578986720659	1	14	
W	1	-3.03219596546	1	2542	
X	2	-0.977454017253	1	16	
Y	4	-0.977454017253	1	144	
Z	1	-0.905522090842	1	162	
a	2	-0.675613320305	1	16	
b	2	-0.675613320305	1	16	
c	1	0.0	1	2	
d	2	-0.862402474897	1	16	
e	1	-0.957185482576	1	14	
f	2	-1.10514368708	2	16	4
g	2	-1.10514368708	1	16	
h	2	-0.675613320305	1	16	
i	2	-0.862402474897	1	8	
j	2	-1.29193284167	1	8	
k	4	-1.44600964829	1	176	
l	1	0.0	1	2	
m	6	-1.81978227165	1	192	
n	2	-0.675613320305	1	16	
o	1	0.0	1	2	
p	2	-0.675613320305	1	16	
q	2	-0.675613320305	1	16	
r	2	-0.675613320305	2	16	4
s	1	-0.429530366774	1	14	
t	2	-1.10514368708	2	16	4
u	1	-0.468555631037	1	14	
v	1	-0.578986720659	1	14	
w	1	-3.03219596546	1	2542	
x	2	-0.977454017253	1	16	
y	2	-0.977454017253	1	16	
z	1	-0.905522090842	1	162	


Results without constraint 5

Max accuracy reached: 0.85
Max accuracy first reached on iteration: 18 (110 samples)
Random number generator initialized with seed 693
Initial grammar weights:	0.62	0.35	0.95	0.29	0.24	0.54	0.66	0.59	0.56	0.8	0.31
Grammar for max accuracy:	0.62	0.25	0.05	0.69	0.14	0.44	0.36	0.99	0.66	0.2	0.31
Constraints:	1	2	4	9	11	12	13	15	16	33	46

Letter	Target	Harmony	Rank	N Cands	Candidates tied with or ranked higher than the target
A	6	-2.63303615966	1	176	
B	4	-1.40487340777	1	150	
C	1	0.0	1	2	
D	2	-0.607700190104	1	12	
E	22	-2.78030588616	1	2704	
F	6	-1.65399501359	1	176	
G	1	-0.979041146074	1	14	
H	6	-2.01257359787	2	192	14
I	6	-2.51300866753	1	192	
J	1	-0.181867928408	1	2	
K	12	-1.45128645919	1	176	
L	1	0.0	1	14	
M	12	-2.40059311154	1	2542	
N	4	-1.32485735868	1	162	
O	1	0.0	1	2	
P	2	-0.607700190104	1	14	
Q	2	-1.04629482348	1	16	
R	4	-1.40487340777	1	162	
S	1	-0.666875613203	1	14	
T	2	-1.38669779496	1	16	
U	1	0.0	1	2	
V	1	-0.358578584287	1	14	
W	1	-2.15147150572	1	2542	
X	2	-1.0927078749	2	16	4
Y	4	-1.0927078749	6	144	26	28	8	34	10
Z	1	-1.36219695155	1	162	
a	2	-0.607700190104	2	16	4
b	2	-0.607700190104	1	16	
c	1	0.0	1	2	
d	2	-0.812648284585	2	16	4
e	1	-1.00212131215	1	14	
f	2	-1.22816275189	1	16	
g	2	-1.22816275189	1	16	
h	2	-0.607700190104	1	16	
i	2	-0.812648284585	1	8	
j	2	-1.43311084637	1	8	
k	4	-1.45128645919	1	176	
l	1	0.0	1	2	
m	6	-1.5739789645	1	192	
n	2	-0.607700190104	1	16	
o	1	0.0	1	2	
p	2	-0.607700190104	1	16	
q	2	-0.607700190104	2	16	4
r	2	-0.607700190104	1	16	
s	1	-0.666875613203	1	14	
t	2	-1.18174970047	1	16	
u	1	-0.358578584287	1	14	
v	1	-0.358578584287	1	14	
w	1	-2.15147150572	1	2542	
x	2	-1.0927078749	2	16	4
y	2	-1.0927078749	2	16	4
z	1	-1.36219695155	1	162	


Results without constraint 9

Max accuracy reached: 0.96
Max accuracy first reached on iteration: 77 (578 samples)
Random number generator initialized with seed 306
Initial grammar weights:	0.17	0.58	0.01	0.98	0.05	0.59	0.46	0.23	0.3	0.13	0.28
Grammar for max accuracy:	0.67	0.38	0.31	0.38	0.15	0.39	0.46	0.83	0.3	0.13	0.28
Constraints:	1	2	4	5	11	12	13	15	16	33	46

Letter	Target	Harmony	Rank	N Cands	Candidates tied with or ranked higher than the target
A	6	-3.37137992872	4	176	20	17	18
B	4	-1.68922281067	1	150	
C	1	0.0	1	2	
D	2	-0.837725539105	1	12	
E	22	-3.22590223067	1	2704	
F	6	-2.06650679944	1	176	
G	1	-1.30487312928	1	14	
H	6	-2.52694834978	1	192	
I	6	-2.66876646756	1	192	
J	1	-0.453375857708	1	2	
K	12	-1.99467793444	1	176	
L	1	0.0	1	14	
M	12	-3.52296173227	1	2542	
N	4	-2.14163708126	3	162	6	17
O	1	0.0	1	2	
P	2	-0.837725539105	1	14	
Q	2	-1.22878126034	1	16	
R	4	-1.68922281067	1	162	
S	1	-1.1498867027	1	14	
T	2	-1.50937103634	1	16	
U	1	0.0	1	2	
V	1	-0.843469991814	1	14	
W	1	-3.52870618498	1	2542	
X	2	-1.5342363841	1	16	
Y	4	-1.5342363841	1	144	
Z	1	-1.47862228746	1	162	
a	2	-0.837725539105	1	16	
b	2	-0.837725539105	1	16	
c	1	0.0	1	2	
d	2	-0.970394581161	1	16	
e	1	-0.984166313624	1	14	
f	2	-1.68215711804	1	16	
g	2	-1.68215711804	1	16	
h	2	-0.837725539105	1	16	
i	2	-0.970394581161	1	8	
j	2	-1.8148261601	1	8	
k	4	-1.99467793444	1	176	
l	1	0.0	1	2	
m	6	-2.13589262855	1	192	
n	2	-0.837725539105	1	16	
o	1	0.0	1	2	
p	2	-0.837725539105	1	16	
q	2	-0.837725539105	1	16	
r	2	-0.837725539105	1	16	
s	1	-1.1498867027	1	14	
t	2	-1.37670199428	1	16	
u	1	-0.460441550338	1	14	
v	1	-0.843469991814	1	14	
w	1	-3.52870618498	1	2542	
x	2	-1.5342363841	1	16	
y	2	-1.5342363841	1	16	
z	1	-1.47862228746	1	162	


Results without constraint 11

Max accuracy reached: 0.98
Max accuracy first reached on iteration: 19 (211 samples)
Random number generator initialized with seed 871
Initial grammar weights:	0.65	0.14	0.53	0.24	0.2	0.87	0.86	0.12	0.11	0.14	0.52
Grammar for max accuracy:	0.65	0.34	0.23	0.24	0.4	0.67	0.36	0.82	0.21	0.04	0.52
Constraints:	1	2	4	5	9	12	13	15	16	33	46

Letter	Target	Harmony	Rank	N Cands	Candidates tied with or ranked higher than the target
A	6	-3.33847668304	1	176	
B	4	-1.73200724776	1	150	
C	1	0.0	1	2	
D	2	-0.697728276783	1	12	
E	22	-3.75404919059	1	2704	
F	6	-2.06924238637	1	176	
G	1	-1.26923429667	1	14	
H	6	-2.42973552455	1	192	
I	6	-3.09786364848	1	192	
J	1	-0.234955325695	1	2	
K	12	-1.96696257346	1	176	
L	1	0.0	1	14	
M	12	-2.73941097683	1	2542	
N	4	-1.6579315623	1	162	
O	1	0.0	1	2	
P	2	-0.697728276783	1	14	
Q	2	-1.37151410959	1	16	
R	4	-1.73200724776	1	162	
S	1	-1.14369648419	1	14	
T	2	-1.41305684427	1	16	
U	1	0.0	1	2	
V	1	-0.599710147344	1	14	
W	1	-2.64139284739	1	2542	
X	2	-1.60646943528	1	16	
Y	4	-1.60646943528	4	144	26	28	34
Z	1	-2.25631282411	1	162	
a	2	-0.697728276783	1	16	
b	2	-0.697728276783	1	16	
c	1	0.0	1	2	
d	2	-0.739271011465	1	16	
e	1	-1.07582170566	1	14	
f	2	-1.60646943528	1	16	
g	2	-1.60646943528	1	16	
h	2	-0.697728276783	1	16	
i	2	-0.739271011465	1	8	
j	2	-1.64801216996	1	8	
k	4	-1.96696257346	1	176	
l	1	0.0	1	2	
m	6	-1.75594969174	1	192	
n	2	-0.697728276783	1	16	
o	1	0.0	1	2	
p	2	-0.697728276783	1	16	
q	2	-0.697728276783	1	16	
r	2	-0.697728276783	1	16	
s	1	-1.14369648419	1	14	
t	2	-1.37151410959	1	16	
u	1	-0.360493138175	1	14	
v	1	-0.599710147344	1	14	
w	1	-2.64139284739	1	2542	
x	2	-1.60646943528	1	16	
y	2	-1.60646943528	1	16	
z	1	-2.25631282411	1	162	


Results without constraint 12

Max accuracy reached: 0.87
Max accuracy first reached on iteration: 32 (184 samples)
Random number generator initialized with seed 810
Initial grammar weights:	0.01	0.26	0.05	0.65	0.35	0.81	0.35	0.41	0.64	0.62	0.67
Grammar for max accuracy:	0.41	0.26	0.15	0.35	0.55	0.41	0.15	0.81	0.64	0.02	0.67
Constraints:	1	2	4	5	9	11	13	15	16	33	46

Letter	Target	Harmony	Rank	N Cands	Candidates tied with or ranked higher than the target
A	6	-1.53863090551	1	176	
B	4	-0.566604978722	2	150	77
C	1	0.0	1	2	
D	2	-0.41507445313	2	12	8
E	22	-1.0936928338	1	2704	
F	6	-0.830148906261	1	176	
G	1	-0.708481999253	1	14	
H	6	-0.981679431853	1	192	
I	6	-1.10049942992	1	192	
J	1	-0.556951473661	1	2	
K	12	-0.717164439592	1	176	
L	1	0.0	1	14	
M	12	-1.52254597316	2	2542	933
N	4	-1.06795439638	6	162	83	38	61	6	91
O	1	0.0	1	2	
P	2	-0.41507445313	2	14	9
Q	2	-0.41507445313	1	16	
R	4	-0.566604978722	1	162	
S	1	-0.707510934531	1	14	
T	2	-0.836955502377	1	16	
U	1	0.0	1	2	
V	1	-0.501349417658	1	14	
W	1	-1.60882093768	1	2542	
X	2	-0.565633914001	1	16	
Y	4	-0.565633914001	1	144	
Z	1	-0.15055946087	1	162	
a	2	-0.41507445313	1	16	
b	2	-0.41507445313	1	16	
c	1	0.0	1	2	
d	2	-0.430563489586	2	16	10
e	1	-0.167019562048	1	14	
f	2	-0.972025926791	1	16	
g	2	-0.972025926791	1	16	
h	2	-0.41507445313	1	16	
i	2	-0.430563489586	1	8	
j	2	-0.987514963247	1	8	
k	4	-0.717164439592	1	176	
l	1	0.0	1	2	
m	6	-0.981679431853	2	192	38
n	2	-0.41507445313	1	16	
o	1	0.0	1	2	
p	2	-0.41507445313	1	16	
q	2	-0.41507445313	1	16	
r	2	-0.41507445313	1	16	
s	1	-0.707510934531	1	14	
t	2	-0.821466465921	1	16	
u	1	-0.151530525592	1	14	
v	1	-0.501349417658	1	14	
w	1	-1.60882093768	1	2542	
x	2	-0.565633914001	1	16	
y	2	-0.565633914001	1	16	
z	1	-0.15055946087	1	162	


Results without constraint 13

Max accuracy reached: 0.92
Max accuracy first reached on iteration: 36 (345 samples)
Random number generator initialized with seed 794
Initial grammar weights:	0.49	0.77	0.59	0.98	0.21	0.92	0.99	1.0	0.14	0.95	0.65
Grammar for max accuracy:	0.69	0.57	0.39	0.48	0.71	0.12	0.49	1.3	0.14	0.45	0.65
Constraints:	1	2	4	5	9	11	12	15	16	33	46

Letter	Target	Harmony	Rank	N Cands	Candidates tied with or ranked higher than the target
A	6	-2.62915134298	1	176	
B	4	-1.06059392332	1	150	
C	1	0.0	1	2	
D	2	-0.569489597627	1	12	
E	22	-3.18178176995	26	2704	593	594	374	246	605	606	600	602	488	487	486	485	482	481	494	490	493	597	596	874	873	599	598	134	484
F	6	-1.63008352094	2	176	34
G	1	-0.999067822033	1	14	
H	6	-1.63008352094	1	192	
I	6	-3.17548387137	2	192	38
J	1	-0.507963496343	1	2	
K	12	-1.45317288884	1	176	
L	1	0.0	1	14	
M	12	-1.05207389698	1	2542	
N	4	-1.05207389698	1	162	
O	1	0.0	1	2	
P	2	-0.569489597627	1	14	
Q	2	-1.06059392332	1	16	
R	4	-1.06059392332	1	162	
S	1	-1.39164678755	1	14	
T	2	-1.62378562236	1	16	
U	1	0.0	1	2	
V	1	-0.482584299349	1	14	
W	1	-0.965168598697	1	2542	
X	2	-1.45317288884	1	16	
Y	4	-1.45317288884	5	144	25	26	27	28
Z	1	-1.86589194259	1	162	
a	2	-0.569489597627	1	16	
b	2	-0.569489597627	1	16	
c	1	0.0	1	2	
d	2	-1.01729676585	1	16	
e	1	-0.938911493912	1	14	
f	2	-1.56855741966	1	16	
g	2	-1.56855741966	1	16	
h	2	-0.569489597627	1	16	
i	2	-1.01729676585	1	8	
j	2	-2.01636458788	1	8	
k	4	-1.45317288884	1	176	
l	1	0.0	1	2	
m	6	-1.13897919525	1	192	
n	2	-0.569489597627	1	16	
o	1	0.0	1	2	
p	2	-0.569489597627	1	16	
q	2	-0.569489597627	1	16	
r	2	-0.569489597627	1	16	
s	1	-1.39164678755	1	14	
t	2	-1.17597845414	1	16	
u	1	0.0	1	14	
v	1	-0.482584299349	1	14	
w	1	-0.965168598697	1	2542	
x	2	-1.45317288884	1	16	
y	2	-1.45317288884	1	16	
z	1	-1.86589194259	1	162	


Results without constraint 15

Max accuracy reached: 0.88
Max accuracy first reached on iteration: 208 (940 samples)
Random number generator initialized with seed 496
Initial grammar weights:	0.14	0.37	0.24	0.9	0.03	0.19	0.53	0.79	0.17	0.32	0.18
Grammar for max accuracy:	0.64	0.37	0.24	0.3	0.23	-0.01	0.23	-0.11	0.17	0.02	0.18
Constraints:	1	2	4	5	9	11	12	13	16	33	46

Letter	Target	Harmony	Rank	N Cands	Candidates tied with or ranked higher than the target
A	6	-1.09618811866	6	176	34	174	160	18	157
B	4	-0.375716160609	1	150	
C	1	0.0	1	2	
D	2	-0.260966089025	1	12	
E	22	-1.5684922999	46	2704	593	594	374	246	2696	2694	2693	2514	1774	1420	1706	2406	1718	518	830	1720	605	606	600	602	488	487	486	485	482	481	494	496	490	493	597	2594	596	2626	1864	876	874	873	599	598	2650	134	608	484	1717
F	6	-0.747018204153	2	176	34
G	1	-0.34916991451	1	14	
H	6	-0.636682249633	2	192	38
I	6	-1.32358332735	5	192	134	102	38	166
J	1	-0.234419842926	1	2	
K	12	-0.615253938223	1	176	
L	1	0.0	1	14	
M	12	-0.00854308068998	1	2542	
N	4	-0.339550944248	1	162	
O	1	0.0	1	2	
P	2	-0.260966089025	1	14	
Q	2	-0.486052115128	1	16	
R	4	-0.375716160609	1	162	
S	1	-0.699043646644	1	14	
T	2	-0.502109231597	1	16	
U	1	0.0	1	2	
V	1	-0.188920809743	1	14	
W	1	0.0635021985922	1	2542	
X	2	-0.725589892743	1	16	
Y	4	-0.725589892743	6	144	25	26	27	28	126
Z	1	-0.914795855924	1	162	
a	2	-0.260966089025	1	16	
b	2	-0.260966089025	1	16	
c	1	0.0	1	2	
d	2	-0.282141140182	1	16	
e	1	-0.135925122741	1	14	
f	2	-0.720471958054	1	16	
g	2	-0.720471958054	1	16	
h	2	-0.260966089025	1	16	
i	2	-0.282141140182	1	8	
j	2	-0.741647009212	1	8	
k	4	-0.615253938223	1	176	
l	1	0.0	1	2	
m	6	-0.41159622353	1	192	
n	2	-0.260966089025	1	16	
o	1	0.0	1	2	
p	2	-0.260966089025	1	16	
q	2	-0.260966089025	1	16	
r	2	-0.260966089025	1	16	
s	1	-0.699043646644	1	14	
t	2	-0.48093418044	1	16	
u	1	0.110335954519	1	14	
v	1	-0.188920809743	1	14	
w	1	0.0635021985922	1	2542	
x	2	-0.725589892743	1	16	
y	2	-0.725589892743	1	16	
z	1	-0.914795855924	1	162	


Results without constraint 16

Max accuracy reached: 0.98
Max accuracy first reached on iteration: 37 (559 samples)
Random number generator initialized with seed 421
Initial grammar weights:	0.92	0.92	0.15	0.25	0.85	0.79	0.14	0.48	0.92	0.02	0.27
Grammar for max accuracy:	0.92	0.42	0.25	0.55	0.95	0.49	0.24	0.38	1.22	0.22	0.27
Constraints:	1	2	4	5	9	11	12	13	15	33	46

Letter	Target	Harmony	Rank	N Cands	Candidates tied with or ranked higher than the target
A	6	-3.17567999556	1	176	
B	4	-1.40615484285	1	150	
C	1	0.0	1	2	
D	2	-0.792498986876	1	12	
E	22	-2.70956614988	1	2704	
F	6	-1.82142923506	1	176	
G	1	-1.3542507605	1	14	
H	6	-2.19865382973	1	192	
I	6	-2.62147067767	1	192	
J	1	-0.740594904529	1	2	
K	12	-1.65739353271	1	176	
L	1	0.0	1	14	
M	12	-3.23080741668	1	2542	
N	4	-2.09913363267	2	162	6
O	1	0.0	1	2	
P	2	-0.792498986876	1	14	
Q	2	-1.02893024818	1	16	
R	4	-1.40615484285	1	162	
S	1	-1.22826485569	1	14	
T	2	-1.73333376285	1	16	
U	1	0.0	1	2	
V	1	-0.929410051121	1	14	
W	1	-3.36771848092	1	2542	
X	2	-1.28016893804	1	16	
Y	4	-1.28016893804	1	144	
Z	1	-0.960532473772	1	162	
a	2	-0.792498986876	1	16	
b	2	-0.792498986876	1	16	
c	1	0.0	1	2	
d	2	-1.00754628687	1	16	
e	1	-0.828703155967	1	14	
f	2	-1.76952515271	1	16	
g	2	-1.76952515271	1	16	
h	2	-0.792498986876	1	16	
i	2	-1.00754628687	1	8	
j	2	-1.9845724527	1	8	
k	4	-1.65739353271	1	176	
l	1	0.0	1	2	
m	6	-1.96222256842	1	192	
n	2	-0.792498986876	1	16	
o	1	0.0	1	2	
p	2	-0.792498986876	1	16	
q	2	-0.792498986876	1	16	
r	2	-0.792498986876	1	16	
s	1	-1.22826485569	1	14	
t	2	-1.51828646286	1	16	
u	1	-0.37722459467	1	14	
v	1	-0.929410051121	1	14	
w	1	-3.36771848092	1	2542	
x	2	-1.28016893804	1	16	
y	2	-1.28016893804	1	16	
z	1	-0.960532473772	1	162	


Results without constraint 33

Max accuracy reached: 0.98
Max accuracy first reached on iteration: 8 (170 samples)
Random number generator initialized with seed 430
Initial grammar weights:	0.55	0.86	0.1	0.19	0.7	0.55	0.6	0.8	0.98	0.56	0.53
Grammar for max accuracy:	0.75	0.36	0.2	0.29	0.8	0.45	0.6	0.6	1.18	0.56	0.53
Constraints:	1	2	4	5	9	11	12	13	15	16	46

Letter	Target	Harmony	Rank	N Cands	Candidates tied with or ranked higher than the target
A	6	-4.38281736533	1	176	
B	4	-2.16544106406	1	150	
C	1	0.0	1	2	
D	2	-0.962326221876	1	12	
E	22	-4.08585660841	1	2704	
F	6	-2.52515063999	1	176	
G	1	-1.85766672534	1	14	
H	6	-3.12776728593	1	192	
I	6	-3.57676418371	1	192	
J	1	-0.654551883156	1	2	
K	12	-2.36675915004	1	176	
L	1	0.0	1	14	
M	12	-4.2619119959	1	2542	
N	4	-2.45406205808	1	162	
O	1	0.0	1	2	
P	2	-0.962326221876	1	14	
Q	2	-1.56282441812	1	16	
R	4	-2.16544106406	1	162	
S	1	-1.45636816538	1	14	
T	2	-2.01605821529	1	16	
U	1	0.0	1	2	
V	1	-0.889119190267	1	14	
W	1	-4.18870496429	1	2542	
X	2	-1.7641425041	1	16	
Y	4	-1.7641425041	1	144	
Z	1	-2.00281267471	1	162	
a	2	-0.962326221876	1	16	
b	2	-0.962326221876	1	16	
c	1	0.0	1	2	
d	2	-0.962326221876	1	16	
e	1	-1.20311484218	1	14	
f	2	-2.21737630127	1	16	
g	2	-2.21737630127	2	16	10
h	2	-0.962326221876	1	16	
i	2	-0.962326221876	1	8	
j	2	-2.21737630127	1	8	
k	4	-2.36675915004	1	176	
l	1	0.0	1	2	
m	6	-2.52726908969	1	192	
n	2	-0.962326221876	1	16	
o	1	0.0	1	2	
p	2	-0.962326221876	1	16	
q	2	-0.962326221876	1	16	
r	2	-0.962326221876	1	16	
s	1	-1.45636816538	1	14	
t	2	-2.01605821529	1	16	
u	1	-0.60261664594	1	14	
v	1	-0.889119190267	1	14	
w	1	-4.18870496429	1	2542	
x	2	-1.7641425041	1	16	
y	2	-1.7641425041	1	16	
z	1	-2.00281267471	1	162	


Results without constraint 46

Max accuracy reached: 0.83
Max accuracy first reached on iteration: 35 (549 samples)
Random number generator initialized with seed 15
Initial grammar weights:	0.61	0.99	0.43	0.5	0.42	0.78	0.07	0.73	0.12	0.84	0.53
Grammar for max accuracy:	0.91	0.49	0.23	0.3	0.82	0.38	0.37	0.43	0.92	0.84	0.03
Constraints:	1	2	4	5	9	11	12	13	15	16	33

Letter	Target	Harmony	Rank	N Cands	Candidates tied with or ranked higher than the target
A	6	-3.60766047867	1	176	
B	4	-1.71351811769	1	150	
C	1	0.0	1	2	
D	2	-0.914564932114	1	12	
E	22	-3.43003460939	1	2704	
F	6	-2.20045311388	1	176	
G	1	-1.40720736478	1	14	
H	6	-2.62808304981	1	192	
I	6	-2.92133066598	1	192	
J	1	-0.608254179205	1	2	
K	12	-1.94289802281	1	176	
L	1	0.0	1	14	
M	12	-3.35181070993	1	2542	
N	4	-2.06892090216	1	162	
O	1	0.0	2	2	2
P	2	-0.914564932114	1	14	
Q	2	-1.28588818177	2	16	6
R	4	-1.71351811769	1	162	
S	1	-1.20895733397	1	14	
T	2	-1.69174917048	1	16	
U	1	0.0	1	2	
V	1	-0.726726034124	1	14	
W	1	-3.16397181194	1	2542	
X	2	-1.51526808688	1	16	
Y	4	-1.51526808688	1	144	
Z	1	-1.34334965408	1	162	
a	2	-0.914564932114	2	16	6
b	2	-0.914564932114	2	16	4
c	1	0.0	1	2	
d	2	-0.941551646735	2	16	6
e	1	-0.825939900199	1	14	
f	2	-1.89414236097	1	16	
g	2	-1.89414236097	2	16	6
h	2	-0.914564932114	1	16	
i	2	-0.941551646735	1	8	
j	2	-1.9211290756	1	8	
k	4	-1.94289802281	1	176	
l	1	0.0	1	2	
m	6	-2.25675980015	1	192	
n	2	-0.914564932114	1	16	
o	1	0.0	2	2	2
p	2	-0.914564932114	2	16	4
q	2	-0.914564932114	2	16	6
r	2	-0.914564932114	1	16	
s	1	-1.20895733397	1	14	
t	2	-1.66476245586	1	16	
u	1	-0.427629935923	1	14	
v	1	-0.726726034124	1	14	
w	1	-3.16397181194	1	2542	
x	2	-1.51526808688	1	16	
y	2	-1.51526808688	1	16	
z	1	-1.34334965408	1	162	


Summary
Constraint	Max Accuracy	Iterations	Total Samples	Failed Letters
1	0.88	32	112	G, N, V, W, v, w
2	0.88	39	241	G, N, V, W, v, w
4	0.83	20	324	A, E, F, H, I, T, f, r, t
5	0.85	18	110	H, X, Y, a, d, q, x, y
9	0.96	77	578	A, N
11	0.98	19	211	Y
12	0.87	32	184	B, D, M, N, P, d, m
13	0.92	36	345	E, F, I, Y
15	0.88	208	940	A, E, F, H, I, Y
16	0.98	37	559	N
33	0.98	8	170	g
46	0.83	35	549	O, Q, a, b, d, g, o, p, q
